111111111111111111111111111111
100000000000000000000001000001
101111111111111111111101011111
101111111111111000000001000001
101101111000111111111111111101
101101111110111111111111100101
101100000110111100000000000101
101111110110111111111111111101
101100000110001111000000000100
101101111111100111011111110100
101101111111110111011111110101
101101111111110111000001110111
101101111111110111111100110111
101101111111100011111110110001
11100000100000X000110110110001
110011100011100011110110111101
110111111111110111110110011101
110111111111110110110111011101
110110111000000110110111011101
110110111011110110110111011100
110110111000110110110111011100
110110111110110110110111011111
110110111110110110110000011111
110110111110110110111111011111
110110111110110110000011011111
110110111110110111011011011111
110110000000000111111111011111
110111111111111111111111011111
110000000000000000000000011111
111111111111111111111111111111
